5081372469
2589416370
8205173469
2698041537
9453076218
2690831457
7852430619
7149502386
8217506394
7035921864
4608712539
8304275691
5679384021
4832076195
1204839576
5308416792
4163572908
2576348190
7314085269
3159074628
2391506478
2935014678
2307516948
9587320146
2371890546
3052961748
2701698453
5893064712
1487935620
9382106457
6537194820
7396180245
6052873149
7359261048
6358290471
7582341690
5930782614
4715623098
3706254189
8240569713
8512964703
9061574382
7506483192
6981024537
1572086394
1675829430
9451673028
2789413560
2491876350
8543612097
5362907184
2468570139
4561230879
4120698573
5962837014
3860721945
6053891427
3748219065
2610498735
8620597134
6391042875
7583201469
3021956874
6480729315
2573986104
5024368917
6982504173
5042738691
6795128340
1732685049
4215706839
2485130796
6854093172
7283961045
1673529048
5821739460
3901875642
7926054381
9382015476
8347912506
5608274319
8543210976
3825476190
3241987560
3508172964
1264759083
5173248690
6708495312
2465139087
9426185037
6791845320
2146579380
2093587416
6943721058
1785346902
8497013526
8146597230
4269107583
9130847526
1047589632
